[naruto_story2.jpg]
filters=enhance=1;autolight=1;autocolor=1;warm=1;CrossProcess=1,35.672516;Boost=1,10.526316;
moddate=805906254599cf01
width=550
height=426
textactive=0
[Itachi3.jpg]
filters=enhance=1;autolight=1;autocolor=1;warm=1;sat=1,0.161800;unsharp2=1,2.210526;
moddate=00c4d3ad4a99cf01
width=1357
height=1563
textactive=0
