[Cheeseburger-Abs-10.jpg]
backuphash=24368
[Cheeseburger-Abs-10 - Copy.jpg]
text=1;136;7;ABMaker;Segoe Script;0.007687,0.032564,0.100181,6.283185;v1,4293124724,4289790009,128.000000,1.000000,0.500000,1.000000,700,258,49160;;
backuphash=382
textactive=1
[Cheeseburger-Abs-10 - Copy-002.jpg]
backuphash=37430
