[Ace1.jpg]
filters=Boost=1,50.000000;
moddate=6c17eb82939fcf01
width=4000
height=3089
textactive=0
[shanks.jpg]
filters=CrossProcess=1,52.631580;warm=1;
moddate=4b9c798e939fcf01
width=424
height=599
textactive=0
